325
157
255
356
341
319
239
279
211
452
251
216
422
580
558
589
231
200
204
600
206
278
110
111
242
300
522
142
385
84
247
92
3
4
3
3
3
4
4
3
3
3
154
72
43
203
183
52
189
36
1455
2633
118
1192
1327
193
32
621
2805
2787
2801
2837
2839
2716
2655
2271
2106
2428
2368
1779
1939
1698
2047
2856
395
283
357
463
718
751
552
219
532
226
142
342
135
386
189
147
306
110
98
105
403
61
86
371
114
119
3586
3037
397
1770
544
62
4245
385
1630
4696
567
1158
5656
187
4642
3990
761
4327
2552
1778
146
3261
3271
1659
1590
190
44
186
179
189
183
125
384
236
151
107
405
336
381
297
144
121
254
109
52
111
275
161
211
120
343
469
204
373
183
191
359
224
126
564
75
31
167
287
187
104
137
66
85
150
1312
403
14
110
167
61
170
373
193
265
325
82
143
240
82
52
287
40
627
6377
4724
4704
260
285
31
592
592
1323
552
495
504
128
108
112
314
269
338
525
575
516
40
43
113
35
325
455
398
33
246
226
491
45
366
84
368
203
234
388
216
311
177
368
479
109
314
351
311
914
218
30
684
648
121
595
568
596
65
53
298
750
256
178
197
31
429
124
51
375
263
236
271
61
304
736
234
800
813
901
283
210
105
205
138
385
307
153
324
171
392
216
259
225
243
98
349
193
183
318
2148
840
803
270
380
121
300
173
1118
275
389
2413
506
845
350
180
544
266
873
1245
640
168
76
631
196
788
41
716
67
308
724
148
230
26
385
197
345
341
51
177
139
179
202
221
194
222
106
297
263
1017
264
245
187
206
223
202
226
383
1005
234
193
219
264
61
257
266
22
174
14
17
176
38
23
16
16
194
14
27
21
77
126
46
95
34
100
196
55
124
907
30
8
46
214
1051
218
250
201
226
241
258
230
248
224
81
247
185
109
58
173
112
24
103
61
185
66
121
105
132
184
212
37
94
124
92
17
27
66
27
153
257
137
349
878
414
127
232
54
71
440
341
186
311
193
293
66
182
41
233
281
167
153
38
401
236
242
177
228
60
168
125
66
228
172
376
65
479
70
42
129
92
589
94
246
155
542
579
107
210
99
193
200
274
61
294
303
126
275
168
24
119
303
194
90
164
172
369
79
124
356
79
226
366
90
316
344
592
203
233
180
274
171
239
285
135
110
142
342
226
147
386
532
219
552
751
718
463
357
283
92
146
31
124
627
260
285
592
592
552
495
504
128
108
112
314
338
575
516
512
464
423
433
375
342
408
569
30
684
596
595
568
648
914
211
321
342
288
155
604
296
788
264
243
219
716
230
724
196
209
204
194
174
14
17
176
38
232
232
232
54
71
440
341
186
311
193
293
66
434
434
434
434
434
579
589
542
244
213
108
303
579
24
150
350
351
119
230
290
93
290
159
389
174
293
480
88
313
277
499
99
219
162
209
393
244
209
207
144
188
274
259
177
316
161
330
224
188
221
222
259
61
151
203
161
317
145
120
209
228
224
259
88
80
145
241
236
213
197
289
258
226
177
269
246
310
252
286
132
89
108
170
85
177
207
16
130
110
130
125
149
17
151
128
122
125
127
72
102
165
152
143
106
208
254
199
458
334
344
555
513
232
299
911
363
901
722
690
236
421
344
898
603
296
427
370
906
584
1320
1158
491
120
184
94
252
147
257
176
211
891
891
59
400
68
167
68
401
354
341
352
52
112
30
